18 24
  -47  -17  -61   -8   -6  -57   -2  -86   84   70   14  -29    1  -81  -41  -12  -32   51   28   52   44  -38  -38   66
  -34  -82   44   -4  -23  -59   20  -83  -31   -7    2   38   41   83  -49   20  -48   84  -59  -93   62   48  -11   36
   24   58   43    7  -57  -37   12   28   46  -33  -44  -59  -59   80   14    9  -27   25   33   14   67   19   -7   30
  -20   29   -2  -67   66    3    4  -71  -59    2   49  -25   21   39  -66   39   52   57  -24  -52  -21  -53  -35  -81
   -6   30   23   35  -16  -35    8   55  -54   40   -9   12   52   72  -65  -42   16  -28  -39    1   27   38   46   39
   90   89   10  -53  -10  -33   41   -2   -7   24   -7   44  -18   -8   12  -41   29  -17   61   40  -45   17  -21    9
   39  -54  -56   31  -18   65   62    1  -23   -3  -31    4  -23    1    5  -63   64   25    4   -9   14  -21  -15   53
  -28   -3   48  -19  -89  -37    5  -26    6   45   19  -54   38   -3  -68   27   21   14   21   45  -23   38   -9  -11
  -64   18  -60   18   67  -31   11    4   54  -21   28  -69  -45   34   43  -29  -53  -15  -56  -42  -52  -90  -65   23
   33  -23   77   35   58   43  -70   11   34   86  -36   11   -8   34   38   20   19  -71   70   53   93   25  -42   57
  -79   17  -27  -17   33  -19  -10   26   28   16   43    6   -8    3   54  -43   57  -52  -70  -56  -26  -48  -17    4
   77   17   52   45   -8   -6  -18  -48   56   -5    0  -35   12   84  -58  -56   79   68   26  -82   15  -19  -37  -19
  -36   18   65   35   38    0   23   -2  -59   41  -52    3   55  -32   16   12   15  -34   79  -16    5   28   76  -53
  -33   34  -35   36   -4   30  -12  -59   80   18  -11  -36   31  -47  -54  -31   54   40  -41   57   53  -29  -10   25
  -43   14   36   88   61  -44   39    6    0  -20   38   -9   69   50   27  -45   38  -38   95  -28    8  -49   29   56
   -5   74  -67  -64  -14  -37   70   46   10  -40  -39   57   39   11  -54  -42   27    7   80   10   39  -37  -20   13
   27    4   37  -22  -78    5   56    1   10   86   38   35   61  -32  -46   -3   37   18   44    4  -46   34   15  -58
  -10  -17   34  -42   10  -73   12   37   48  -42    8   59   -6   25  -22  -61  -59   34   19  -44   44  -18    7   66

 surikiuotas eilutem nuo didziausio iki maziausio 
   84   70   66   52   51   44   28   14    1   -2   -6   -8  -12  -17  -29  -32  -38  -38  -41  -47  -57  -61  -81  -86
   84   83   62   48   44   41   38   36   20   20    2   -4   -7  -11  -23  -31  -34  -48  -49  -59  -59  -82  -83  -93
   80   67   58   46   43   33   30   28   25   24   19   14   14   12    9    7   -7  -27  -33  -37  -44  -57  -59  -59
   66   57   52   49   39   39   29   21    4    3    2   -2  -20  -21  -24  -25  -35  -52  -53  -59  -66  -67  -71  -81
   72   55   52   46   40   39   38   35   30   27   23   16   12    8    1   -6   -9  -16  -28  -35  -39  -42  -54  -65
   90   89   61   44   41   40   29   24   17   12   10    9   -2   -7   -7   -8  -10  -17  -18  -21  -33  -41  -45  -53
   65   64   62   53   39   31   25   14    5    4    4    1    1   -3   -9  -15  -18  -21  -23  -23  -31  -54  -56  -63
   48   45   45   38   38   27   21   21   19   14    6    5   -3   -3   -9  -11  -19  -23  -26  -28  -37  -54  -68  -89
   67   54   43   34   28   23   18   18   11    4  -15  -21  -29  -31  -42  -45  -52  -53  -56  -60  -64  -65  -69  -90
   93   86   77   70   58   57   53   43   38   35   34   34   33   25   20   19   11   11   -8  -23  -36  -42  -70  -71
   57   54   43   33   28   26   17   16    6    4    3   -8  -10  -17  -17  -19  -26  -27  -43  -48  -52  -56  -70  -79
   84   79   77   68   56   52   45   26   17   15   12    0   -5   -6   -8  -18  -19  -19  -35  -37  -48  -56  -58  -82
   79   76   65   55   41   38   35   28   23   18   16   15   12    5    3    0   -2  -16  -32  -34  -36  -52  -53  -59
   80   57   54   53   40   36   34   31   30   25   18   -4  -10  -11  -12  -29  -31  -33  -35  -36  -41  -47  -54  -59
   95   88   69   61   56   50   39   38   38   36   29   27   14    8    6    0   -9  -20  -28  -38  -43  -44  -45  -49
   80   74   70   57   46   39   39   27   13   11   10   10    7   -5  -14  -20  -37  -37  -39  -40  -42  -54  -64  -67
   86   61   56   44   38   37   37   35   34   27   18   15   10    5    4    4    1   -3  -22  -32  -46  -46  -58  -78
   66   59   48   44   37   34   34   25   19   12   10    8    7   -6  -10  -17  -18  -22  -42  -42  -44  -59  -61  -73
