  -6  -26   40   63  -70 
 -47   11    0   64   28 
  88  -65   83   48  -85 
 -74   75   55   40  -93 

--------------------------------------------------
  -6  -47   88  -74 
 -26   11  -65   75 
  40    0   83   55 
  63   64   48   40 
 -70   28  -85  -93 
