23 12
   -3  -51  -32    4  -42    6    3   84   36    2  -26  -12
   22   68   37   -9   -5  -63  -53   -5  -91   45  -43  -27
  -17    5   22  -21  -18  -31   23   52  -77   66   68  -31
  -22    0   21   15   12   24  -34  -74   62    2  -26   38
  -38   19  -71   57   71    3  -37  -62   19    8   17   -7
    7  -32   40  -23  -14  -55  -13   16  -51  -13   48   -4
  -39  -65  -53    1    2   -7   35  -44    1  -14   31  -64
   13  -57   39   15  -42  -17  -10    4   23   67   70  -74
   38  -51   42   67   52   23   -8    9  -12  -80   15  -83
    7   41   14    6  -35  -33   35   24   17   79   -5   25
    0   44  -20  -16  -39    0    5   69    3  -30  -14  -21
  -72   -8  -34   36  -37  -15   74  -19   10  -81   37   57
   11   20  -37    8   65   69  -23   16   52  -34  -49   10
   16   38  -27    0   37   40  -33  -23   -3   13  -29  -72
   27   75  -43  -65  -31   -7   -2  -32   62  -57  -39   50
  -33  -37  -12   68  -16   28  -30  -48   20   16  -71  -80
   -8   15    5  -16  -28    8  -10   29  -52   70  -35  -82
   17  -31  -49   13  -31   62  -16  -31    6   15  -25   -2
  -62    8  -26   19   37   40    4   62   24   59  -84   -9
   27  -35   31  -10   35  -54   31  -63  -49  -19   26   19
   89   39  -21   -7  -43  -57   13  -13   49   84   -3  -49
   26    9  -14  -44   57   -1  -16  -13   46   -2   68  -40
   22   16   25    2   65   34  -51   18  -21    0   -1   10

 surikiuotas eilutem nuo maziausio iki didziausio 
  -51  -42  -32  -26  -12   -3    2    3    4    6   36   84
  -91  -63  -53  -43  -27   -9   -5   -5   22   37   45   68
  -77  -31  -31  -21  -18  -17    5   22   23   52   66   68
  -74  -34  -26  -22    0    2   12   15   21   24   38   62
  -71  -62  -38  -37   -7    3    8   17   19   19   57   71
  -55  -51  -32  -23  -14  -13  -13   -4    7   16   40   48
  -65  -64  -53  -44  -39  -14   -7    1    1    2   31   35
  -74  -57  -42  -17  -10    4   13   15   23   39   67   70
  -83  -80  -51  -12   -8    9   15   23   38   42   52   67
  -35  -33   -5    6    7   14   17   24   25   35   41   79
  -39  -30  -21  -20  -16  -14    0    0    3    5   44   69
  -81  -72  -37  -34  -19  -15   -8   10   36   37   57   74
  -49  -37  -34  -23    8   10   11   16   20   52   65   69
  -72  -33  -29  -27  -23   -3    0   13   16   37   38   40
  -65  -57  -43  -39  -32  -31   -7   -2   27   50   62   75
  -80  -71  -48  -37  -33  -30  -16  -12   16   20   28   68
  -82  -52  -35  -28  -16  -10   -8    5    8   15   29   70
  -49  -31  -31  -31  -25  -16   -2    6   13   15   17   62
  -84  -62  -26   -9    4    8   19   24   37   40   59   62
  -63  -54  -49  -35  -19  -10   19   26   27   31   31   35
  -57  -49  -43  -21  -13   -7   -3   13   39   49   84   89
  -44  -40  -16  -14  -13   -2   -1    9   26   46   57   68
  -51  -21   -1    0    2   10   16   18   22   25   34   65
